0.45899999999999996	0.201	0.597	0.011000000000000001	0.006999999999999999	0.046	0.012	0.018000000000000002	419.0	651.5	22.25	45.5
0.45	0.22	0.6729999999999999	0.013999999999999999	0.006999999999999999	0.04	0.011000000000000001	0.015	416.5	674.0	24.25	49.5
0.45299999999999996	0.21	0.596	0.013999999999999999	0.006999999999999999	0.055	0.011000000000000001	0.015	410.5	648.5	24.75	49.0
0.45399999999999996	0.231	0.659	0.017	0.006999999999999999	0.055999999999999994	0.01	0.013000000000000001	402.0	670.5	23.25	48.5
0.457	0.22399999999999998	0.6579999999999999	0.012	0.005	0.04	0.011000000000000001	0.016	417.5	653.5	25.25	47.5
0.45399999999999996	0.21899999999999997	0.585	0.012	0.006	0.08199999999999999	0.013000000000000001	0.02	396.6667	658.3333	25.3333	48.6667
0.444	0.21100000000000002	0.637	0.012	0.003	0.045	0.015	0.027999999999999997	408.75	643.25	24.0	47.5
0.446	0.218	0.647	0.013000000000000001	0.01	0.028999999999999998	0.017	0.028999999999999998	413.5	661.5	24.75	48.5
0.435	0.21100000000000002	0.591	0.013000000000000001	0.005	0.049	0.009000000000000001	0.021	400.5	639.25	24.125	46.0
0.45	0.217	0.606	0.02	0.005	0.028999999999999998	0.01	0.013000000000000001	403.5	644.5	24.5	48.5
0.44299999999999995	0.215	0.616	0.013999999999999999	0.003	0.045	0.018000000000000002	0.018000000000000002	416.0	650.0	24.75	47.0
0.457	0.2	0.58	0.01	0.006	0.027000000000000003	0.012	0.016	412.0	654.0	25.25	51.0
0.447	0.228	0.639	0.016	0.004	0.073	0.008	0.009000000000000001	420.0	697.5	24.25	48.0
0.45299999999999996	0.22399999999999998	0.662	0.017	0.006	0.032	0.013999999999999999	0.013999999999999999	419.5	669.5	25.25	50.5
0.43700000000000006	0.22	0.638	0.016	0.002	0.054000000000000006	0.011000000000000001	0.022000000000000002	412.5	650.0	24.25	47.5
0.449	0.217	0.653	0.015	0.005	0.03	0.012	0.016	411.0	667.5	25.25	50.5
0.45	0.228	0.596	0.021	0.004	0.025	0.01	0.013999999999999999	415.0	645.5	23.75	51.5
0.46799999999999997	0.21100000000000002	0.628	0.015	0.003	0.06	0.016	0.023	409.8333	665.5	24.4167	48.0
0.457	0.19699999999999998	0.642	0.012	0.004	0.064	0.013000000000000001	0.021	423.5	660.0	23.75	43.5
0.45299999999999996	0.19399999999999998	0.5760000000000001	0.008	0.003	0.026000000000000002	0.011000000000000001	0.013999999999999999	398.5	619.5	25.875	48.75
0.452	0.22399999999999998	0.618	0.012	0.004	0.027999999999999997	0.009000000000000001	0.01	412.0	650.25	24.25	49.75
0.46	0.21	0.5720000000000001	0.013999999999999999	0.004	0.05	0.013999999999999999	0.024	380.0	685.0	25.0	43.0
0.45399999999999996	0.21100000000000002	0.589	0.01	0.0	0.067	0.011000000000000001	0.013999999999999999	422.1667	654.0	24.75	50.5
0.45299999999999996	0.188	0.64	0.013999999999999999	0.002	0.068	0.012	0.013999999999999999	405.6667	657.3333	24.4167	49.3333
0.45799999999999996	0.209	0.589	0.013000000000000001	0.002	0.047	0.013999999999999999	0.024	408.5	647.5	24.75	48.5
0.442	0.205	0.652	0.013999999999999999	0.006	0.087	0.009000000000000001	0.01	433.0	675.5	24.25	46.5
0.456	0.223	0.5920000000000001	0.02	0.003	0.040999999999999995	0.006999999999999999	0.011000000000000001	411.5	653.5	28.5	48.5
0.44799999999999995	0.21	0.593	0.013000000000000001	0.005	0.047	0.011000000000000001	0.022000000000000002	405.5	653.0	23.75	48.5
0.474	0.225	0.653	0.012	0.002	0.047	0.018000000000000002	0.03	403.0	634.5	24.375	48.0
0.455	0.228	0.652	0.015	0.006999999999999999	0.031	0.011000000000000001	0.01	415.5	659.0	24.75	47.5
0.45	0.20800000000000002	0.629	0.01	0.002	0.065	0.009000000000000001	0.013000000000000001	410.5	679.5	24.25	49.5
0.446	0.217	0.645	0.01	0.005	0.055999999999999994	0.013999999999999999	0.024	425.5	676.5	22.75	44.5
0.45899999999999996	0.21899999999999997	0.64	0.016	0.003	0.057999999999999996	0.017	0.018000000000000002	415.5	674.5	23.5	45.5
0.436	0.223	0.652	0.015	0.006999999999999999	0.057	0.016	0.113	409.5	670.0	24.625	51.25
0.45299999999999996	0.22699999999999998	0.6559999999999999	0.015	0.006	0.10300000000000001	0.016	0.027000000000000003	418.5	665.5	24.25	50.5
0.45299999999999996	0.20199999999999999	0.5760000000000001	0.013999999999999999	0.003	0.127	0.015	0.022000000000000002	417.0	645.3333	24.3333	47.0
0.445	0.244	0.627	0.018000000000000002	0.003	0.071	0.011000000000000001	0.02	405.5	650.0	24.75	52.0
0.449	0.218	0.644	0.015	0.006999999999999999	0.079	0.009000000000000001	0.022000000000000002	411.5	657.0	24.0	45.5
0.449	0.21100000000000002	0.6409999999999999	0.012	0.004	0.055	0.01	0.015	400.75	659.0	24.375	49.75
0.45299999999999996	0.223	0.6579999999999999	0.013000000000000001	0.005	0.022000000000000002	0.01	0.012	415.5	660.5	24.25	49.5
0.44799999999999995	0.22	0.652	0.009000000000000001	0.003	0.027999999999999997	0.013999999999999999	0.015	399.5	665.0	24.5	47.0
0.451	0.23199999999999998	0.664	0.017	0.005	0.037000000000000005	0.013999999999999999	0.013999999999999999	408.0	661.0	24.5	48.5
0.45799999999999996	0.218	0.65	0.012	0.006	0.035	0.016	0.024	399.25	657.5	23.75	48.75
0.449	0.225	0.598	0.015	0.004	0.051	0.012	0.009000000000000001	410.0	640.5	23.75	48.0
0.445	0.21899999999999997	0.652	0.013999999999999999	0.002	0.053	0.011000000000000001	0.013999999999999999	419.0	664.5	24.625	50.25
0.441	0.213	0.65	0.011000000000000001	0.002	0.026000000000000002	0.01	0.015	407.0	658.5	24.625	48.25
0.46	0.242	0.6629999999999999	0.009000000000000001	0.004	0.033	0.01	0.021	417.0	678.0	24.625	50.0
0.447	0.21899999999999997	0.599	0.008	0.003	0.052000000000000005	0.016	0.027000000000000003	425.0	653.5	24.5	46.5
0.444	0.231	0.605	0.019	0.004	0.05	0.011000000000000001	0.012	410.6667	639.1667	24.3333	47.1667
0.45	0.233	0.657	0.021	0.005	0.073	0.006	0.008	409.0	671.0	25.5	51.0
0.455	0.21899999999999997	0.609	0.013999999999999999	0.004	0.062	0.01	0.016	411.5	651.5	26.25	45.0
0.451	0.23199999999999998	0.603	0.016	0.006	0.04	0.011000000000000001	0.019	421.0	654.0	24.0	50.5
0.452	0.214	0.644	0.013999999999999999	0.006	0.049	0.012	0.016	406.5	667.0	24.25	49.0
0.348	0.11	0.574	0.009000000000000001	0.014	0.036000000000000004	0.011000000000000001	0.018000000000000002	422.5	661.5	24.5	49.5
0.452	0.21100000000000002	0.609	0.011000000000000001	0.004	0.051	0.009000000000000001	0.015	410.1667	640.5	24.1667	47.6667
0.45399999999999996	0.218	0.6559999999999999	0.015	0.005	0.044000000000000004	0.008	0.012	412.0	665.5	24.75	48.0
0.44799999999999995	0.212	0.643	0.019	0.01	0.05	0.015	0.024	409.5	665.5	24.5	49.5
0.452	0.21600000000000003	0.653	0.02	0.006	0.061	0.012	0.013999999999999999	405.0	661.5	24.0	46.0
0.45299999999999996	0.222	0.652	0.012	0.008	0.032	0.01	0.013000000000000001	418.5	661.0	24.75	50.5
0.462	0.228	0.654	0.022000000000000002	0.003	0.051	0.01	0.01	414.75	665.5	24.875	48.75
0.45299999999999996	0.223	0.657	0.016	0.006	0.034	0.013000000000000001	0.022000000000000002	414.25	674.25	24.625	48.0
0.445	0.222	0.6629999999999999	0.017	0.005	0.027000000000000003	0.009000000000000001	0.012	410.5	659.75	24.75	49.5
0.451	0.22	0.605	0.01	0.004	0.064	0.009000000000000001	0.015	412.5	655.0	25.25	49.5
0.455	0.209	0.59	0.015	0.003	0.045	0.01	0.018000000000000002	408.5	647.0	24.3333	48.3333
0.452	0.225	0.653	0.017	0.004	0.038	0.013000000000000001	0.017	416.0	661.25	24.375	49.5
0.44799999999999995	0.205	0.597	0.013000000000000001	0.002	0.027999999999999997	0.01	0.013000000000000001	409.8333	644.1667	24.6667	49.1667
0.446	0.226	0.606	0.009000000000000001	0.001	0.025	0.012	0.013999999999999999	418.5	646.5	23.75	46.5
0.45899999999999996	0.203	0.59	0.013999999999999999	0.005	0.067	0.013000000000000001	0.017	405.5	664.0	24.5	48.0
0.44	0.228	0.598	0.012	0.004	0.043	0.006999999999999999	0.013000000000000001	412.0	649.0	24.25	50.0
0.44799999999999995	0.22	0.655	0.013999999999999999	0.004	0.054000000000000006	0.015	0.017	417.5	663.5	24.25	47.5
0.455	0.22699999999999998	0.612	0.021	0.004	0.06	0.012	0.011000000000000001	402.5	649.5	24.25	44.5
0.447	0.21600000000000003	0.601	0.009000000000000001	0.003	0.047	0.011000000000000001	0.018000000000000002	403.0	645.75	24.375	48.25
0.46	0.21600000000000003	0.604	0.021	0.004	0.048	0.011000000000000001	0.013999999999999999	407.0	646.0	24.25	50.5
0.446	0.226	0.6579999999999999	0.012	0.003	0.031	0.008	0.013999999999999999	413.0	679.75	24.875	49.0
0.45799999999999996	0.20800000000000002	0.586	0.013000000000000001	0.006	0.053	0.012	0.017	410.0	633.5	24.5	47.5
0.457	0.217	0.601	0.016	0.004	0.037000000000000005	0.011000000000000001	0.01	396.5	643.5	25.0	48.5
0.44299999999999995	0.21899999999999997	0.642	0.013999999999999999	0.004	0.039	0.013000000000000001	0.015	411.0	641.0	21.5	49.0
0.455	0.225	0.601	0.012	0.003	0.077	0.006999999999999999	0.008	410.0	629.0	23.75	46.5
0.45	0.214	0.59	0.013000000000000001	0.005	0.061	0.012	0.019	411.5	652.5	24.0	49.5
0.447	0.22699999999999998	0.649	0.012	0.002	0.037000000000000005	0.008	0.013999999999999999	408.75	653.5	25.75	48.25
0.44299999999999995	0.226	0.6609999999999999	0.016	0.004	0.084	0.008	0.015	425.0	669.75	23.0	45.0
0.446	0.213	0.59	0.015	0.006	0.051	0.01	0.013000000000000001	421.5	649.5	25.0	49.5
0.452	0.221	0.653	0.015	0.004	0.036000000000000004	0.013000000000000001	0.013999999999999999	411.5	663.0	24.25	47.5
0.47200000000000003	0.19399999999999998	0.57	0.009000000000000001	0.006	0.046	0.013000000000000001	0.016	390.0	630.0	24.0	45.0
0.45	0.226	0.602	0.0111	0.002	0.032	0.011000000000000001	0.016	411.0	663.0	24.5	45.5
0.436	0.221	0.597	0.011000000000000001	0.003	0.063	0.011000000000000001	0.02	408.0	649.75	25.25	47.75
0.446	0.22699999999999998	0.6609999999999999	0.015	0.004	0.055	0.011000000000000001	0.013000000000000001	401.0	664.0	24.625	49.25
0.456	0.21	0.642	0.016	0.004	0.049	0.009000000000000001	0.015	415.0	667.5	23.5	48.0
0.452	0.21	0.645	0.013000000000000001	0.002	0.04	0.01	0.013999999999999999	411.5	659.5	26.0	50.5
0.449	0.213	0.599	0.013000000000000001	0.005	0.034	0.006999999999999999	0.013000000000000001	408.5	667.0	24.5	47.0
0.45799999999999996	0.198	0.623	0.015	0.006999999999999999	0.065	0.01	0.013000000000000001	413.5	667.5	23.5	48.5
0.452	0.21899999999999997	0.597	0.016	0.006	0.078	0.01	0.013000000000000001	403.5	643.0	25.75	46.0
0.306	0.23800000000000002	1.6680000000000001	0.01	0.003	0.049	0.013000000000000001	0.021	410.1667	664.5	24.75	47.8333
0.445	0.19899999999999998	0.574	0.013000000000000001	0.006999999999999999	0.04	0.009000000000000001	0.012	409.75	656.0	25.75	48.75
0.46	0.22399999999999998	0.596	0.011000000000000001	0.003	0.06	0.015	0.027999999999999997	424.0	653.25	23.75	47.0
0.45	0.212	0.585	0.013000000000000001	0.005	0.075	0.008	0.008	408.5	654.75	25.125	49.5
0.45399999999999996	0.228	0.6	0.013999999999999999	0.006999999999999999	0.027999999999999997	0.006	0.008	430.0	760.0	26.0	55.0
0.451	0.209	0.655	0.013999999999999999	0.004	0.053	0.018000000000000002	0.027999999999999997	414.5	665.5	24.25	47.5
0.456	0.23	0.596	0.015	0.003	0.067	0.013999999999999999	0.015	408.5	640.5	23.75	50.5
0.45399999999999996	0.222	0.596	0.01	0.005	0.038	0.011000000000000001	0.013999999999999999	405.0	652.75	24.375	48.0
0.461	0.21100000000000002	0.588	0.015	0.002	0.045	0.013000000000000001	0.012	410.5	658.0	24.25	47.5
0.452	0.209	0.596	0.013000000000000001	0.004	0.038	0.011000000000000001	0.009000000000000001	400.0	642.0	24.25	50.0
0.45399999999999996	0.221	0.589	0.015	0.004	0.043	0.013000000000000001	0.019	409.5	646.5	24.75	46.5
0.45399999999999996	0.21600000000000003	0.65	0.015	0.003	0.024	0.012	0.013999999999999999	410.75	655.25	24.5	48.75
0.447	0.21	0.5920000000000001	0.012	0.006	0.040999999999999995	0.011000000000000001	0.016	409.5	648.75	25.0	45.25
0.45	0.22899999999999998	0.619	0.017	0.004	0.040999999999999995	0.012	0.016	409.25	652.0	24.875	47.75
0.441	0.226	0.594	0.015	0.006	0.040999999999999995	0.008	0.009000000000000001	421.0	662.5	24.5	49.5
0.455	0.21	0.626	0.015	0.004	0.069	0.013000000000000001	0.013000000000000001	420.5	677.5	24.75	48.0
0.43799999999999994	0.231	0.614	0.019	0.006	0.032	0.01	0.012	390.5	646.0	25.5	49.5
0.446	0.21899999999999997	0.602	0.01	0.002	0.04	0.011000000000000001	0.011000000000000001	396.3333	638.8333	24.5	45.6667
0.452	0.223	0.652	0.013000000000000001	0.004	0.046	0.011000000000000001	0.021	410.5	675.75	24.875	49.0
0.451	0.20800000000000002	0.588	0.011000000000000001	0.003	0.044000000000000004	0.013000000000000001	0.023	394.375	646.0	24.75	49.125
0.442	0.21899999999999997	0.648	0.012	0.005	0.046	0.01	0.013999999999999999	404.75	678.5	24.25	47.5
0.45299999999999996	0.225	0.615	0.017	0.004	0.051	0.009000000000000001	0.013000000000000001	410.5	650.1667	24.5	48.8333
0.44799999999999995	0.22899999999999998	0.645	0.011000000000000001	0.006	0.043	0.011000000000000001	0.015	409.25	679.75	24.375	49.75
0.435	0.226	0.62	0.013999999999999999	0.002	0.042	0.011000000000000001	0.013000000000000001	416.5	654.5	24.5	47.0
0.449	0.21600000000000003	0.593	0.017	0.004	0.069	0.011000000000000001	0.013000000000000001	410.5	683.0	24.25	46.5
0.45	0.21600000000000003	0.65	0.011000000000000001	0.003	0.057	0.011000000000000001	0.016	417.75	662.0	24.5	44.0
0.462	0.226	0.605	0.017	0.008	0.083	0.013000000000000001	0.016	419.5	653.5	24.25	47.5
0.441	0.222	0.605	0.012	0.004	0.052000000000000005	0.015	0.027999999999999997	406.5	630.0	23.75	47.0
0.44299999999999995	0.21100000000000002	0.589	0.013999999999999999	0.005	0.055999999999999994	0.015	0.025	407.5	652.0	23.75	50.5
0.455	0.244	0.621	0.013999999999999999	0.003	0.039	0.008	0.01	404.1667	653.3333	24.5833	48.5
0.43799999999999994	0.204	0.648	0.013999999999999999	0.004	0.042	0.012	0.02	407.0	660.5	24.875	49.25
0.44	0.20600000000000002	0.67	0.018000000000000002	0.005	0.047	0.011000000000000001	0.013999999999999999	415.5	659.0	24.25	45.5
0.46	0.22899999999999998	0.639	0.018000000000000002	0.004	0.052000000000000005	0.006999999999999999	0.011000000000000001	421.0	673.5	24.25	49.5
0.446	0.225	0.591	0.009000000000000001	0.003	0.032	0.011000000000000001	0.009000000000000001	405.0	642.0	24.0	49.0
0.447	0.217	0.604	0.013999999999999999	0.006	0.043	0.011000000000000001	0.016	400.0	638.5	25.0	47.5
0.447	0.226	0.612	0.013999999999999999	0.005	0.032	0.013000000000000001	0.025	412.25	646.5	25.0	49.5
0.462	0.222	0.593	0.02	0.005	0.038	0.01	0.016	412.0	651.0	25.25	50.5
0.45399999999999996	0.213	0.591	0.016	0.01	0.06	0.021	0.069	406.5	656.0	24.25	47.0
0.451	0.20800000000000002	0.59	0.011000000000000001	0.003	0.034	0.013999999999999999	0.023	415.0	647.5	24.25	49.5
0.44	0.20800000000000002	0.64	0.013000000000000001	0.004	0.055	0.013000000000000001	0.022000000000000002	407.0	656.0	24.25	46.5
0.44799999999999995	0.20800000000000002	0.657	0.015	0.004	0.024	0.01	0.013000000000000001	403.5	652.5	24.75	48.75
0.436	0.23	0.6609999999999999	0.016	0.004	0.049	0.009000000000000001	0.012	418.5	670.0	25.5	49.0
0.452	0.22	0.655	0.0128	0.001	0.051	0.012	0.018000000000000002	404.3	676.4	25.2	49.7
0.449	0.228	0.616	0.013999999999999999	0.006	0.025	0.01	0.013000000000000001	415.5	645.0	24.75	49.5
0.27699999999999997	0.18100000000000002	1.611	0.016	0.005	0.053	0.015	0.017	400.5	633.5	25.25	50.5
0.445	0.23199999999999998	0.6579999999999999	0.019	0.006	0.037000000000000005	0.01	0.013000000000000001	395.25	664.75	24.375	50.75
0.45399999999999996	0.21600000000000003	0.647	0.015	0.003	0.027000000000000003	0.01	0.013999999999999999	407.0	654.5	25.125	50.25
0.442	0.209	0.6459999999999999	0.013999999999999999	0.002	0.027999999999999997	0.011000000000000001	0.018000000000000002	406.5	660.5	25.25	49.5
0.452	0.225	0.601	0.019	0.004	0.052000000000000005	0.009000000000000001	0.009000000000000001	399.0	643.5	25.5	50.5
0.449	0.221	0.603	0.009000000000000001	0.006	0.032	0.012	0.019	412.5	650.5	24.25	48.5
0.445	0.207	0.602	0.016	0.004	0.027000000000000003	0.011000000000000001	0.008	411.25	643.75	25.25	49.75
0.45299999999999996	0.226	0.6629999999999999	0.016	0.006	0.04	0.019	0.027999999999999997	431.0	674.5	26.5	48.5
0.43799999999999994	0.20800000000000002	0.644	0.017	0.006999999999999999	0.052000000000000005	0.013999999999999999	0.023	406.25	651.25	23.5	49.25
0.444	0.221	0.593	0.017	0.005	0.031	0.009000000000000001	0.013000000000000001	419.0	658.0	24.25	47.5
0.45299999999999996	0.226	0.609	0.015	0.006999999999999999	0.081	0.013000000000000001	0.023	388.0	642.0	24.25	48.0
0.457	0.213	0.597	0.013000000000000001	0.006	0.081	0.015	0.027999999999999997	408.0	655.5	24.5	50.0
0.45	0.21100000000000002	0.639	0.01	0.003	0.045	0.009000000000000001	0.013000000000000001	403.5	661.0	25.25	49.5
0.45	0.215	0.599	0.015	0.005	0.024	0.009000000000000001	0.013999999999999999	409.0	656.5	25.5	51.5
0.449	0.205	0.589	0.012	0.001	0.07400000000000001	0.009000000000000001	0.016	411.0	650.75	24.375	48.0
0.452	0.204	0.579	0.013999999999999999	0.004	0.066	0.015	0.017	406.5	646.0	24.75	46.5
0.45399999999999996	0.22	0.605	0.015	0.003	0.034	0.009000000000000001	0.01	414.0	652.6667	24.1667	46.1667
0.466	0.209	0.5870000000000001	0.019	0.002	0.038	0.012	0.02	410.5	638.5	24.5	47.0
0.462	0.213	0.598	0.011000000000000001	0.006999999999999999	0.027999999999999997	0.012	0.019	375.0	650.0	25.0	42.0
0.442	0.212	0.594	0.011000000000000001	0.003	0.045	0.013000000000000001	0.013000000000000001	395.5	642.0	25.25	48.5
0.451	0.218	0.59	0.013000000000000001	0.005	0.11900000000000001	0.012	0.018000000000000002	434.0	650.0	24.75	45.5
0.43799999999999994	0.225	0.6629999999999999	0.018000000000000002	0.006	0.040999999999999995	0.011000000000000001	0.015	422.25	666.5	23.75	48.5
0.455	0.22	0.611	0.013000000000000001	0.006999999999999999	0.027000000000000003	0.01	0.016	399.0	641.5	25.5	46.0
0.447	0.21600000000000003	0.597	0.019	0.006	0.035	0.012	0.017	375.0	660.0	24.0	47.0
0.4594	0.23199999999999998	0.611	0.0155	0.003	0.022000000000000002	0.009000000000000001	0.019	411.0	647.75	24.125	47.0
0.44	0.213	0.598	0.016	0.003	0.043	0.011000000000000001	0.016	395.25	631.5	26.875	49.0
0.444	0.20600000000000002	0.6409999999999999	0.02	0.003	0.062	0.006999999999999999	0.01	411.0	663.0	23.625	48.5
0.45299999999999996	0.21600000000000003	0.649	0.006999999999999999	0.002	0.039	0.01	0.018000000000000002	414.5	670.0	24.75	46.5
0.452	0.225	0.602	0.013999999999999999	0.003	0.049	0.013000000000000001	0.013999999999999999	402.25	641.25	24.5	49.25
0.41600000000000004	0.175	0.742	0.015	0.006	0.995	0.016	0.021	407.5	642.1667	24.5	47.8333
0.445	0.218	0.644	0.011000000000000001	0.006999999999999999	0.046	0.013000000000000001	0.028999999999999998	402.75	653.25	23.875	49.5
0.447	0.23399999999999999	0.606	0.015	0.008	0.027999999999999997	0.008	0.011000000000000001	425.5	672.5	24.875	47.0
0.449	0.228	0.657	0.015	0.005	0.059000000000000004	0.009000000000000001	0.013000000000000001	424.5	674.5	22.5	44.5
0.45399999999999996	0.215	0.603	0.019	0.006	0.07400000000000001	0.011000000000000001	0.018000000000000002	419.0	651.0	25.5	50.0
0.46	0.23399999999999999	0.65	0.016	0.005	0.053	0.01	0.012	421.5	670.5	24.5	49.5
0.455	0.21600000000000003	0.647	0.019	0.002	0.054000000000000006	0.006999999999999999	0.011000000000000001	417.0	646.5	25.0	50.75
0.473	0.262	0.595	0.0077	0.002	0.063	0.013999999999999999	0.018000000000000002	397.0	656.0	25.75	49.5
0.447	0.218	0.6579999999999999	0.013000000000000001	0.005	0.026000000000000002	0.015	0.017	399.5	647.25	25.25	52.0
0.441	0.23199999999999998	0.6659999999999999	0.016	0.002	0.061	0.009000000000000001	0.012	422.0	691.5	24.75	47.0
0.44299999999999995	0.20600000000000002	0.645	0.018000000000000002	0.002	0.032	0.01	0.013000000000000001	419.5	669.5	23.75	50.5
0.45899999999999996	0.226	0.601	0.017	0.005	0.042	0.012	0.019	415.5	663.0	25.75	50.5
0.435	0.214	0.593	0.019	0.006999999999999999	0.055999999999999994	0.01	0.013999999999999999	412.5	642.75	22.5	46.75
0.446	0.217	0.645	0.013999999999999999	0.003	0.054000000000000006	0.013999999999999999	0.022000000000000002	400.5	642.5	23.75	47.5
0.465	0.204	0.583	0.023	0.003	0.054000000000000006	0.022000000000000002	0.012	417.5	652.5	25.75	48.5
0.4554	0.21899999999999997	0.598	0.0174	0.002	0.021	0.009000000000000001	0.017	414.5	652.5	24.25	48.5
0.45399999999999996	0.233	0.602	0.016	0.005	0.04	0.012	0.013999999999999999	419.0	654.0	24.25	49.0
0.45399999999999996	0.20199999999999999	0.586	0.019	0.003	0.071	0.012	0.016	410.0	660.0	24.0	43.5
0.457	0.217	0.645	0.013000000000000001	0.004	0.038	0.015	0.016	410.5	652.0	25.25	47.5
0.45799999999999996	0.221	0.602	0.011000000000000001	0.005	0.042	0.012	0.015	426.5	660.0	24.75	48.5
0.449	0.226	0.652	0.018000000000000002	0.005	0.063	0.015	0.027000000000000003	416.5	661.0	25.25	51.5
0.44799999999999995	0.215	0.601	0.012	0.006999999999999999	0.046	0.013000000000000001	0.021	406.5	639.5	24.5	51.0
0.449	0.239	0.653	0.011000000000000001	0.005	0.057	0.016	0.026000000000000002	415.0	673.5	24.75	50.5
0.45299999999999996	0.218	0.653	0.01	0.004	0.04	0.011000000000000001	0.013000000000000001	414.5	665.0	25.0	49.5
0.45899999999999996	0.21899999999999997	0.653	0.012	0.008	0.036000000000000004	0.009000000000000001	0.015	402.5	660.5	24.375	47.5
0.452	0.22	0.635	0.016	0.004	0.036000000000000004	0.016	0.023	427.5	691.0	25.5	50.0
0.447	0.201	0.59	0.008	0.005	0.044000000000000004	0.015	0.027000000000000003	417.1	652.1	24.55	47.8
0.452	0.23	0.667	0.012	0.005	0.04	0.011000000000000001	0.018000000000000002	414.0	666.25	24.25	47.5
0.45399999999999996	0.223	0.608	0.019	0.006999999999999999	0.057999999999999996	0.012	0.018000000000000002	396.0	642.0	24.5	49.0
0.45899999999999996	0.222	0.598	0.025	0.004	0.061	0.009000000000000001	0.009000000000000001	410.0	656.5	28.0	48.0
0.451	0.226	0.6629999999999999	0.012	0.006	0.083	0.012	0.015	410.5	669.5	24.5	51.0
0.465	0.221	0.594	0.013999999999999999	0.005	0.042	0.013999999999999999	0.022000000000000002	418.5	648.0	24.25	46.5
0.445	0.217	0.602	0.015	0.005	0.048	0.011000000000000001	0.012	397.5	642.0	25.0	50.75
0.452	0.23	0.6629999999999999	0.009000000000000001	0.004	0.033	0.012	0.015	420.5	650.5	26.25	51.0
0.447	0.22	0.595	0.012	0.004	0.049	0.01	0.013000000000000001	414.25	652.25	21.875	49.25
0.451	0.21899999999999997	0.596	0.012	0.003	0.037000000000000005	0.009000000000000001	0.011000000000000001	411.5	646.5	24.75	47.5
0.461	0.213	0.591	0.011000000000000001	0.003	0.044000000000000004	0.011000000000000001	0.019	418.5	669.5	24.5	49.0
0.436	0.23600000000000002	0.662	0.01	0.002	0.048	0.011000000000000001	0.013999999999999999	420.0	668.0	24.75	50.5
0.445	0.225	0.611	0.017	0.002	0.038	0.009000000000000001	0.012	411.5	646.375	24.875	49.125
0.452	0.23	0.6509999999999999	0.013999999999999999	0.006	0.048	0.011000000000000001	0.018000000000000002	376.0	618.5	24.75	50.5
0.441	0.221	0.597	0.0197	0.003	0.065	0.009000000000000001	0.013999999999999999	405.5	655.25	24.625	48.5
0.452	0.212	0.631	0.013000000000000001	0.004	0.046	0.016	0.026000000000000002	400.5	642.0	24.25	47.5
0.452	0.222	0.601	0.009000000000000001	0.005	0.039	0.015	0.023	417.0	648.0	24.75	49.5
0.45299999999999996	0.212	0.601	0.013000000000000001	0.004	0.05	0.011000000000000001	0.015	411.75	653.25	24.25	49.0
0.456	0.19899999999999998	0.623	0.011000000000000001	0.004	0.049	0.016	0.019	401.75	643.75	24.25	47.25
0.447	0.21899999999999997	0.5920000000000001	0.009000000000000001	0.002	0.051	0.016	0.023	406.5	634.5	23.75	48.5
0.46299999999999997	0.22899999999999998	0.607	0.011000000000000001	0.005	0.028999999999999998	0.01	0.013000000000000001	411.0	640.5	25.25	50.5
0.446	0.20600000000000002	0.591	0.016	0.006	0.064	0.01	0.013999999999999999	412.0	671.0	24.75	48.0
0.449	0.22699999999999998	0.608	0.013000000000000001	0.004	0.027000000000000003	0.012	0.015	400.5	668.0	24.75	49.5
0.48	0.191	0.569	0.016	0.003	0.039	0.013999999999999999	0.011000000000000001	411.5	647.5	23.5	42.5
0.45899999999999996	0.231	0.6509999999999999	0.017	0.004	0.036000000000000004	0.011000000000000001	0.013999999999999999	413.5	668.0	24.75	48.5
0.45799999999999996	0.222	0.601	0.017	0.005	0.025	0.012	0.015	406.5	652.0	23.75	49.0
0.455	0.205	0.599	0.013999999999999999	0.005	0.04	0.013000000000000001	0.013000000000000001	426.0	658.0	24.25	47.5
0.45799999999999996	0.21600000000000003	0.645	0.02	0.003	0.071	0.012	0.018000000000000002	406.5	663.0	25.5	50.0
0.45	0.228	0.6579999999999999	0.013000000000000001	0.006999999999999999	0.040999999999999995	0.012	0.019	394.0	649.0	24.25	48.5
0.449	0.222	0.6579999999999999	0.016	0.005	0.04	0.009000000000000001	0.016	401.0	672.0	23.75	50.5
0.446	0.207	0.5870000000000001	0.017	0.006	0.046	0.012	0.015	404.5	628.0	25.25	48.5
0.45	0.21600000000000003	0.61	0.013000000000000001	0.006999999999999999	0.043	0.01	0.013000000000000001	409.0	645.0	24.5	49.0
0.45	0.228	0.652	0.017	0.004	0.047	0.012	0.01	416.0	678.0	24.5	50.5
0.44299999999999995	0.217	0.599	0.011000000000000001	0.004	0.047	0.013000000000000001	0.015	408.5	643.5	24.25	49.5
0.45399999999999996	0.214	0.6729999999999999	0.017	0.002	0.037000000000000005	0.011000000000000001	0.013000000000000001	394.0	637.0	24.5	54.5
0.444	0.22	0.653	0.017	0.005	0.039	0.015	0.02	416.0	667.0	26.75	47.5
0.45399999999999996	0.222	0.657	0.01	0.002	0.032	0.01	0.013000000000000001	423.25	662.25	24.5	50.0
0.46299999999999997	0.20800000000000002	0.5870000000000001	0.011000000000000001	0.006	0.036000000000000004	0.01	0.013999999999999999	405.0	647.0	23.75	45.0
0.447	0.22399999999999998	0.609	0.012	0.004	0.031	0.009000000000000001	0.01	410.0	648.5	24.0	43.0
0.462	0.21600000000000003	0.59	0.019	0.004	0.038	0.009000000000000001	0.017	441.5	662.5	23.25	46.5
0.439	0.23600000000000002	0.648	0.009000000000000001	0.004	0.025	0.01	0.01	404.5	674.5	24.5	49.5
0.45899999999999996	0.22399999999999998	0.603	0.017	0.005	0.025	0.01	0.012	406.5	641.5	24.75	49.5
0.441	0.207	0.589	0.02	0.005	0.086	0.009000000000000001	0.015	407.25	637.0	25.375	51.0
0.46	0.213	0.604	0.011000000000000001	0.006	0.057	0.013000000000000001	0.022000000000000002	383.0	648.0	24.5	51.5
0.447	0.21	0.639	0.015	0.003	0.023	0.006999999999999999	0.011000000000000001	419.0	663.25	24.875	50.5
0.442	0.21600000000000003	0.65	0.024	0.006	0.051	0.011000000000000001	0.015	398.5	655.0	24.75	48.5
0.44799999999999995	0.225	0.601	0.013999999999999999	0.005	0.042	0.009000000000000001	0.009000000000000001	400.0	640.0	25.25	49.5
0.449	0.21600000000000003	0.6559999999999999	0.02	0.005	0.052000000000000005	0.013000000000000001	0.021	405.5	655.0	24.75	44.5
0.442	0.2	0.624	0.011000000000000001	0.003	0.081	0.008	0.013999999999999999	411.5	644.8333	24.6667	48.1667
0.445	0.215	0.594	0.018000000000000002	0.005	0.065	0.009000000000000001	0.011000000000000001	413.0	646.5	25.25	43.5
0.45399999999999996	0.22699999999999998	0.609	0.013000000000000001	0.005	0.053	0.009000000000000001	0.008	413.0	650.5	25.25	50.5
0.44299999999999995	0.23399999999999999	0.685	0.013000000000000001	0.006	0.043	0.012	0.017	414.5	668.0	24.75	47.5
0.447	0.222	0.61	0.011000000000000001	0.008	0.06	0.013000000000000001	0.016	411.0	650.0	24.0	48.5
0.446	0.21899999999999997	0.593	0.013000000000000001	0.001	0.031	0.011000000000000001	0.013000000000000001	411.0	662.0	24.75	47.5
0.45399999999999996	0.21600000000000003	0.59	0.013999999999999999	0.002	0.09	0.012	0.021	415.5	647.0	24.25	49.5
0.451	0.217	0.598	0.016	0.005	0.022000000000000002	0.008	0.009000000000000001	416.5	654.6667	25.6667	48.0
0.44299999999999995	0.231	0.664	0.015	0.005	0.059000000000000004	0.009000000000000001	0.009000000000000001	411.0	661.0	25.0	47.0
0.462	0.22	0.639	0.017	0.005	0.053	0.015	0.021	415.5	656.0	24.5	51.0
0.45899999999999996	0.23399999999999999	0.64	0.01	0.004	0.040999999999999995	0.012	0.021	423.0	665.0	23.75	46.5
0.444	0.235	0.613	0.009000000000000001	0.004	0.047	0.009000000000000001	0.016	427.5	656.0	24.75	50.5
0.46299999999999997	0.214	0.604	0.018000000000000002	0.004	0.052000000000000005	0.016	0.022000000000000002	423.5	659.0	25.5	48.5
0.445	0.22899999999999998	0.612	0.013000000000000001	0.001	0.03	0.011000000000000001	0.011000000000000001	417.5	646.0	24.25	47.5
0.44	0.21899999999999997	0.6629999999999999	0.013999999999999999	0.006	0.040999999999999995	0.013999999999999999	0.013999999999999999	407.0	637.0	22.75	48.5
0.44799999999999995	0.22399999999999998	0.598	0.015	0.003	0.046	0.008	0.011000000000000001	402.5	646.5	24.0	44.5
0.439	0.233	0.665	0.016	0.003	0.040999999999999995	0.016	0.018000000000000002	413.5	650.0	21.25	42.0
0.446	0.218	0.59	0.018000000000000002	0.003	0.027000000000000003	0.009000000000000001	0.008	413.5	649.5	25.25	47.0
0.435	0.225	0.608	0.012	0.003	0.043	0.013000000000000001	0.017	408.1667	642.3333	23.0	51.0
0.445	0.225	0.6	0.011000000000000001	0.001	0.051	0.012	0.01	406.8333	643.5	24.3333	49.1667
0.456	0.21	0.589	0.013000000000000001	0.003	0.046	0.013999999999999999	0.022000000000000002	420.5	668.0	24.25	49.5
0.45	0.226	0.647	0.012	0.005	0.055	0.012	0.015	408.0	656.5	24.25	48.5
0.452	0.209	0.606	0.009000000000000001	0.014	0.021	0.012	0.018000000000000002	382.5	665.0	23.5	47.0
0.442	0.215	0.595	0.025	0.005	0.07400000000000001	0.01	0.013999999999999999	408.25	646.25	23.5	41.0
0.46299999999999997	0.217	0.593	0.013999999999999999	0.004	0.065	0.01	0.013999999999999999	413.0	660.5	24.25	50.5
0.45799999999999996	0.213	0.648	0.013000000000000001	0.004	0.042	0.01	0.015	408.25	656.75	24.875	47.0
0.46299999999999997	0.215	0.6	0.013000000000000001	0.006	0.07200000000000001	0.013999999999999999	0.027000000000000003	393.0	633.5	23.75	49.0
0.45299999999999996	0.215	0.648	0.013999999999999999	0.006	0.026000000000000002	0.013000000000000001	0.019	391.0	651.25	25.125	52.25
0.45	0.22899999999999998	0.66	0.012	0.006	0.035	0.01	0.013999999999999999	416.75	669.0	24.75	46.75
0.446	0.225	0.665	0.012	0.005	0.052000000000000005	0.01	0.013999999999999999	416.5	661.0	24.75	48.0
0.439	0.22699999999999998	0.615	0.019	0.008	0.03	0.012	0.015	390.0	655.0	25.0	47.0
0.45	0.228	0.654	0.015	0.003	0.048	0.013999999999999999	0.016	408.0	655.5	24.5	45.75
0.451	0.218	0.59	0.011000000000000001	0.003	0.047	0.015	0.02	396.0	636.0	24.75	46.5
0.45399999999999996	0.231	0.655	0.016	0.003	0.022000000000000002	0.006	0.009000000000000001	431.0	672.0	26.0	45.5
0.44799999999999995	0.228	0.669	0.016	0.005	0.053	0.011000000000000001	0.023	415.5	666.0	24.75	44.5
0.45299999999999996	0.217	0.586	0.009000000000000001	0.001	0.047	0.009000000000000001	0.013000000000000001	415.0	659.5	23.75	49.5
0.457	0.217	0.598	0.012	0.005	0.045	0.008	0.013000000000000001	426.5	663.0	23.625	48.0
0.457	0.22399999999999998	0.65	0.018000000000000002	0.005	0.047	0.018000000000000002	0.031	421.0	684.5	26.0	48.5
0.44299999999999995	0.214	0.598	0.025	0.004	0.033	0.012	0.016	409.5	648.0	24.25	48.0
0.452	0.21600000000000003	0.644	0.013000000000000001	0.005	0.047	0.01	0.008	422.0	692.0	24.0	49.0
0.242	0.12300000000000001	0.639	0.013000000000000001	0.01	0.062	0.011000000000000001	0.018000000000000002	419.0	690.0	24.25	50.0
0.45399999999999996	0.226	0.617	0.02	0.004	0.062	0.011000000000000001	0.015	413.0	664.0	24.75	51.0
0.46299999999999997	0.204	0.635	0.013999999999999999	0.004	0.053	0.013999999999999999	0.018000000000000002	410.0	660.0	25.25	49.5
0.445	0.222	0.596	0.013999999999999999	0.006999999999999999	0.025	0.006	0.008	420.0	725.0	23.0	53.0
0.45	0.21600000000000003	0.652	0.016	0.003	0.028999999999999998	0.01	0.012	413.0	668.0	23.5	46.0
0.451	0.22399999999999998	0.6609999999999999	0.019	0.006999999999999999	0.05	0.011000000000000001	0.016	413.5	671.5	23.75	47.5
0.45799999999999996	0.21899999999999997	0.595	0.017	0.005	0.037000000000000005	0.011000000000000001	0.015	415.0	651.25	24.0	47.75
0.46	0.218	0.603	0.011000000000000001	0.005	0.039	0.009000000000000001	0.016	407.0	654.0	25.0	50.0
0.45	0.214	0.596	0.009000000000000001	0.001	0.059000000000000004	0.013000000000000001	0.013000000000000001	420.0	654.0	25.25	51.0
0.457	0.21	0.6629999999999999	0.016	0.003	0.033	0.012	0.021	410.0	657.75	24.75	49.25
0.303	0.212	1.641	0.015	0.004	0.052000000000000005	0.013999999999999999	0.015	408.3333	648.8333	24.4167	48.8333
0.44299999999999995	0.23	0.66	0.009000000000000001	0.005	0.021	0.013000000000000001	0.02	419.5	675.0	24.75	49.5
0.45	0.222	0.642	0.021	0.001	0.10300000000000001	0.037000000000000005	0.033	418.5	659.75	24.375	47.5
0.439	0.245	0.6759999999999999	0.013999999999999999	0.005	0.057999999999999996	0.01	0.013000000000000001	416.5	663.0	24.25	49.5
0.45899999999999996	0.221	0.652	0.013000000000000001	0.006	0.032	0.011000000000000001	0.013999999999999999	416.0	672.5	23.75	54.5
0.44799999999999995	0.21899999999999997	0.649	0.024	0.006999999999999999	0.113	0.012	0.015	412.0	694.75	24.5	47.25
0.457	0.221	0.6509999999999999	0.027000000000000003	0.005	0.036000000000000004	0.011000000000000001	0.017	414.75	679.375	24.875	50.125
0.45	0.218	0.597	0.018000000000000002	0.005	0.037000000000000005	0.011000000000000001	0.015	414.3	646.5	24.75	48.5
0.451	0.213	0.591	0.018000000000000002	0.002	0.05	0.011000000000000001	0.013000000000000001	420.0	648.5	24.25	47.5
0.312	0.16	0.6890000000000001	0.013000000000000001	0.005	0.05	0.009000000000000001	0.013999999999999999	408.0	653.5	24.25	44.5
0.45799999999999996	0.218	0.598	0.02	0.004	0.05	0.009000000000000001	0.013999999999999999	409.0	663.5	26.5	57.5
0.45399999999999996	0.213	0.649	0.013000000000000001	0.005	0.042	0.013999999999999999	0.015	392.25	633.5	24.5	47.5
0.45	0.22399999999999998	0.6459999999999999	0.012	0.005	0.028999999999999998	0.013000000000000001	0.022000000000000002	405.5	662.0	23.25	49.0
0.442	0.222	0.6609999999999999	0.013000000000000001	0.003	0.025	0.013999999999999999	0.02	404.0	651.5	24.25	48.5
0.456	0.222	0.596	0.019	0.005	0.066	0.008	0.009000000000000001	393.5	627.0	23.75	46.5
0.45399999999999996	0.215	0.5870000000000001	0.011000000000000001	0.004	0.027000000000000003	0.012	0.017	410.0	649.5	24.75	50.5
0.455	0.231	0.647	0.02	0.004	0.044000000000000004	0.013000000000000001	0.018000000000000002	400.0	661.5	26.0	49.5
0.452	0.214	0.654	0.01	0.005	0.024	0.013000000000000001	0.019	420.25	646.0	25.125	53.5
0.442	0.217	0.655	0.016	0.004	0.035	0.012	0.015	400.5	649.0	24.5	48.5
0.44799999999999995	0.213	0.629	0.011000000000000001	0.005	0.053	0.009000000000000001	0.012	406.5	650.0	24.25	48.5
0.42700000000000005	0.226	0.605	0.013999999999999999	0.001	0.036000000000000004	0.01	0.012	411.25	650.25	23.875	47.0
0.441	0.22699999999999998	0.599	0.013000000000000001	0.004	0.042	0.008	0.013999999999999999	405.0	644.0	23.25	46.0
0.449	0.245	0.61	0.012	0.005	0.03	0.013999999999999999	0.021	413.25	645.25	24.625	51.25
0.45899999999999996	0.233	0.649	0.019	0.003	0.025	0.006999999999999999	0.013000000000000001	414.75	673.75	25.0	47.75
0.451	0.214	0.617	0.018000000000000002	0.003	0.051	0.013000000000000001	0.016	398.0	623.5	26.25	47.5
0.442	0.23399999999999999	0.669	0.019	0.003	0.06	0.01	0.013999999999999999	420.0	677.5	24.0	50.0
0.45299999999999996	0.237	0.664	0.012	0.004	0.03	0.011000000000000001	0.013000000000000001	406.75	669.75	24.125	47.5
0.45399999999999996	0.23	0.6559999999999999	0.015	0.005	0.026000000000000002	0.008	0.01	433.5	679.75	25.375	48.5
0.455	0.20600000000000002	0.5760000000000001	0.013000000000000001	0.005	0.061	0.009000000000000001	0.013000000000000001	407.5	644.5	24.25	48.0
0.452	0.20600000000000002	0.623	0.017	0.002	0.039	0.012	0.016	397.75	642.75	24.25	47.5
0.456	0.21600000000000003	0.591	0.011000000000000001	0.008	0.065	0.013000000000000001	0.021	388.0	680.0	24.0	44.0
0.46799999999999997	0.21899999999999997	0.599	0.017	0.006	0.095	0.012	0.018000000000000002	415.25	657.0	24.875	49.25
0.45	0.23199999999999998	0.611	0.01	0.005	0.07200000000000001	0.013000000000000001	0.015	416.5	657.0	24.25	49.5
0.45	0.209	0.633	0.013000000000000001	0.008	0.07400000000000001	0.012	0.016	401.0	664.5	25.25	49.0
0.45	0.21100000000000002	0.595	0.009000000000000001	0.005	0.034	0.013999999999999999	0.022000000000000002	408.5	652.5	24.25	48.0
0.44799999999999995	0.215	0.601	0.011000000000000001	0.005	0.063	0.01	0.012	415.0	655.5	24.5	48.0
0.462	0.221	0.604	0.01	0.005	0.077	0.011000000000000001	0.015	419.0	669.5	23.0	48.0
0.456	0.225	0.596	0.012	0.003	0.042	0.013000000000000001	0.02	406.1667	641.3333	24.4167	48.1667
0.455	0.223	0.6409999999999999	0.016	0.003	0.025	0.006	0.01	427.0	669.0	24.75	45.5
0.445	0.215	0.642	0.022000000000000002	0.003	0.040999999999999995	0.012	0.016	416.0	661.0	24.25	47.5
0.465	0.214	0.64	0.016	0.006	0.05	0.01	0.017	415.5	667.0	24.25	47.5
0.455	0.212	0.647	0.012	0.005	0.048	0.009000000000000001	0.009000000000000001	378.5	627.0	23.75	46.5
0.452	0.22699999999999998	0.602	0.013999999999999999	0.003	0.036000000000000004	0.006999999999999999	0.01	408.5	648.0	27.25	50.5
0.46	0.223	0.6559999999999999	0.02	0.004	0.038	0.013000000000000001	0.016	413.0	666.0	24.25	50.25
0.436	0.231	0.647	0.02	0.006999999999999999	0.053	0.012	0.016	427.5	679.5	24.5	50.5
0.44299999999999995	0.22899999999999998	0.652	0.017	0.004	0.036000000000000004	0.013999999999999999	0.016	403.0	656.5	24.75	49.0
0.445	0.21	0.585	0.012	0.004	0.045	0.013000000000000001	0.025	411.5	629.0	25.25	50.5
0.451	0.218	0.649	0.016	0.006	0.076	0.008	0.008	416.5	671.0	23.75	45.5
0.449	0.215	0.579	0.015	0.001	0.043	0.01	0.013000000000000001	404.0	642.0	24.25	44.5
0.46	0.24100000000000002	0.609	0.016	0.004	0.07200000000000001	0.011000000000000001	0.01	410.25	649.25	24.125	49.75
0.449	0.225	0.607	0.018000000000000002	0.009000000000000001	0.048	0.017	0.019	385.0	640.0	25.0	47.0
0.456	0.21100000000000002	0.599	0.009000000000000001	0.003	0.04	0.013999999999999999	0.026000000000000002	402.0	652.0	25.25	48.5
0.451	0.212	0.593	0.0113	0.003	0.036000000000000004	0.009000000000000001	0.019	413.5	654.0	24.375	47.75
0.449	0.225	0.649	0.013000000000000001	0.006	0.036000000000000004	0.017	0.032	423.5	661.25	24.375	46.0
0.446	0.225	0.655	0.017	0.005	0.034	0.011000000000000001	0.021	412.0	659.5	24.0	47.5
0.44799999999999995	0.223	0.589	0.012	0.003	0.054000000000000006	0.018000000000000002	0.021	411.25	638.0	24.0	46.75
0.451	0.22699999999999998	0.657	0.02	0.004	0.033	0.012	0.015	405.25	652.5	23.625	46.0
0.392	0.235	0.713	0.016	0.005	0.885	0.012	0.012	417.0	644.0	23.75	46.0
0.45899999999999996	0.213	0.603	0.008	0.002	0.033	0.012	0.009000000000000001	401.0	647.5	24.25	48.0
0.45	0.20800000000000002	0.638	0.015	0.004	0.057999999999999996	0.013000000000000001	0.015	400.25	637.25	24.125	47.25
0.45299999999999996	0.213	0.645	0.018000000000000002	0.003	0.055999999999999994	0.016	0.026000000000000002	391.0	627.0	23.5	46.5
0.45299999999999996	0.22399999999999998	0.589	0.013000000000000001	0.005	0.033	0.01	0.009000000000000001	430.0	705.0	22.0	48.0
0.45299999999999996	0.226	0.649	0.013999999999999999	0.005	0.062	0.018000000000000002	0.024	409.0	673.5	24.75	50.0
0.457	0.23600000000000002	0.643	0.011000000000000001	0.005	0.055	0.012	0.016	418.5	673.0	24.25	47.0
0.43799999999999994	0.207	0.643	0.016	0.005	0.07400000000000001	0.011000000000000001	0.012	413.5	660.0	24.875	49.0
0.451	0.21	0.603	0.013000000000000001	0.006999999999999999	0.032	0.013000000000000001	0.016	387.5	665.0	24.75	48.5
0.445	0.22699999999999998	0.642	0.013000000000000001	0.004	0.038	0.013000000000000001	0.013000000000000001	413.75	675.5	24.5	49.0
0.44799999999999995	0.207	0.583	0.013000000000000001	0.004	0.059000000000000004	0.01	0.012	406.0	657.0	23.5	49.5
0.44799999999999995	0.205	0.59	0.017	0.002	0.033	0.013000000000000001	0.011000000000000001	411.5	637.5	24.5625	48.875
0.44	0.214	0.602	0.015	0.006	0.065	0.01	0.016	418.8333	654.3333	24.1667	46.0
0.45	0.218	0.601	0.015	0.003	0.031	0.01	0.013999999999999999	419.5	641.8333	26.0833	49.5
0.48700000000000004	0.209	0.6509999999999999	0.02	0.004	0.071	0.011000000000000001	0.017	422.75	677.0	24.125	48.5
0.462	0.209	0.6459999999999999	0.012	0.002	0.021	0.01	0.012	410.0	666.5	24.25	46.5
0.44299999999999995	0.231	0.664	0.015	0.005	0.059000000000000004	0.009000000000000001	0.009000000000000001	421.0	661.5	24.0	48.0
0.46399999999999997	0.21	0.644	0.01	0.006999999999999999	0.067	0.011000000000000001	0.013000000000000001	407.25	663.0	24.0	49.75
0.444	0.22899999999999998	0.65	0.011000000000000001	0.005	0.044000000000000004	0.009000000000000001	0.009000000000000001	416.75	675.75	24.875	48.25
0.44799999999999995	0.221	0.6459999999999999	0.012	0.004	0.028999999999999998	0.006	0.011000000000000001	421.5	697.5	24.25	48.5
0.452	0.213	0.596	0.016	0.001	0.042	0.011000000000000001	0.013999999999999999	406.0	643.75	24.0	49.0
0.45	0.226	0.64	0.013999999999999999	0.005	0.034	0.011000000000000001	0.012	410.5	657.5	24.75	49.5
0.45	0.21	0.644	0.017	0.002	0.03	0.011000000000000001	0.016	403.5	653.5	25.25	51.5
0.433	0.21100000000000002	0.585	0.015	0.003	0.051	0.015	0.025	401.0	637.5	25.0	47.5
0.452	0.213	0.601	0.019	0.003	0.043	0.011000000000000001	0.01	420.0	684.0	24.25	49.5
0.46299999999999997	0.225	0.647	0.012	0.005	0.033	0.011000000000000001	0.015	405.75	657.0	24.25	48.5
0.445	0.218	0.645	0.016	0.005	0.05	0.016	0.016	398.0	654.5	24.75	49.5
0.456	0.21600000000000003	0.6459999999999999	0.015	0.006	0.075	0.012	0.015	409.0	669.0	26.25	50.0
0.461	0.21600000000000003	0.649	0.019	0.006999999999999999	0.042	0.012	0.019	417.25	690.5	24.5	49.75
0.462	0.218	0.655	0.015	0.004	0.049	0.015	0.015	402.5	649.0	24.25	50.0
0.455	0.225	0.605	0.017	0.004	0.064	0.011000000000000001	0.016	406.0	644.25	24.875	51.0
0.436	0.225	0.6	0.0098	0.002	0.037000000000000005	0.008	0.015	414.75	646.0	25.5	47.0
0.826	0.212	0.738	0.013000000000000001	0.005	0.21899999999999997	0.013999999999999999	0.017	415.25	659.5	25.125	47.25
0.451	0.20800000000000002	0.653	0.013000000000000001	0.003	0.076	0.012	0.015	425.0	697.0	23.75	47.5
0.45	0.221	0.667	0.011000000000000001	0.006	0.052000000000000005	0.015	0.025	418.5	652.5	23.75	46.5
0.461	0.214	0.634	0.011000000000000001	0.006999999999999999	0.032	0.035	0.028999999999999998	421.0	670.5	24.5	48.5
0.444	0.21600000000000003	0.603	0.012	0.004	0.08199999999999999	0.013000000000000001	0.019	414.5	649.0	24.25	47.0
0.8029999999999999	0.11199999999999999	0.258	0.0093	0.014	1.557	0.015	0.011000000000000001	411.75	649.5	23.625	46.5
0.45399999999999996	0.226	0.608	0.017	0.004	0.057999999999999996	0.009000000000000001	0.016	407.5	641.0	25.0	48.25
0.452	0.225	0.6	0.012	0.006	0.079	0.016	0.027999999999999997	415.5	651.5	24.75	48.0
0.457	0.218	0.594	0.016	0.005	0.027999999999999997	0.011000000000000001	0.013999999999999999	389.5	628.0	24.0	45.0
0.435	0.222	0.703	0.016	0.005	0.17300000000000001	0.012	0.016	417.5	660.0	23.75	45.5
0.46	0.22	0.605	0.019	0.001	0.052000000000000005	0.01	0.011000000000000001	404.0	642.5	24.0	46.5
0.48100000000000004	0.21600000000000003	0.667	0.011000000000000001	0.004	0.114	0.013999999999999999	0.019	392.5	651.5	25.25	44.5
0.46	0.218	0.65	0.015	0.005	0.036000000000000004	0.013999999999999999	0.015	403.25	643.75	23.5	49.25
0.444	0.214	0.594	0.018000000000000002	0.005	0.04	0.011000000000000001	0.013999999999999999	417.0	656.0	25.25	49.5
0.44799999999999995	0.22	0.659	0.017	0.004	0.04	0.008	0.012	422.75	700.75	23.75	48.5
0.46	0.23600000000000002	0.6629999999999999	0.015	0.008	0.042	0.009000000000000001	0.013000000000000001	412.0	662.5	24.5	50.5
0.452	0.213	0.593	0.013999999999999999	0.005	0.061	0.009000000000000001	0.015	414.0	682.0	24.25	50.5
0.455	0.22	0.611	0.013000000000000001	0.006999999999999999	0.027000000000000003	0.01	0.016	397.0	640.0	26.25	47.0
0.449	0.20600000000000002	0.583	0.021	0.001	0.066	0.011000000000000001	0.013999999999999999	425.0	674.0	24.0	47.5
0.45799999999999996	0.214	0.615	0.015	0.005	0.045	0.009000000000000001	0.012	400.5	646.0	25.0	48.0
0.444	0.218	0.595	0.017	0.003	0.047	0.005	0.006999999999999999	411.5	646.5	26.5	49.5
0.45399999999999996	0.22899999999999998	0.603	0.011000000000000001	0.008	0.02	0.009000000000000001	0.01	421.0	661.5	26.25	45.0
0.451	0.22399999999999998	0.6559999999999999	0.018000000000000002	0.006	0.031	0.009000000000000001	0.012	413.0	643.0	24.25	43.5
0.444	0.253	0.672	0.016	0.005	0.052000000000000005	0.017	0.11	416.5	668.0	24.75	49.5
0.451	0.218	0.672	0.015	0.004	0.037000000000000005	0.006999999999999999	0.01	418.25	690.5	24.25	49.25
0.46	0.218	0.593	0.012	0.006	0.062	0.018000000000000002	0.032	409.75	650.25	25.625	45.0
0.436	0.228	0.674	0.015	0.005	0.038	0.008	0.009000000000000001	419.5	664.25	26.0	47.25
0.461	0.215	0.653	0.016	0.004	0.055	0.006999999999999999	0.011000000000000001	421.0	668.1667	24.5833	47.0
0.446	0.21899999999999997	0.655	0.011000000000000001	0.006	0.032	0.01	0.015	412.0	653.0	23.5	46.0
0.449	0.217	0.5920000000000001	0.015	0.005	0.064	0.012	0.013000000000000001	450.0	760.0	22.0	53.0
0.43700000000000006	0.23199999999999998	0.6609999999999999	0.013999999999999999	0.003	0.048	0.015	0.026000000000000002	416.0	665.0	24.25	49.0
0.381	0.142	0.542	0.013000000000000001	0.012	0.034	0.013999999999999999	0.011000000000000001	415.75	645.5	24.125	47.0
0.445	0.225	0.662	0.017	0.004	0.035	0.01	0.011000000000000001	401.5	655.0	25.25	50.5
0.451	0.221	0.659	0.02	0.005	0.034	0.011000000000000001	0.018000000000000002	399.0	681.5	25.75	52.5
0.44	0.21100000000000002	0.585	0.012	0.002	0.057999999999999996	0.013000000000000001	0.011000000000000001	413.75	649.25	24.5	46.25
0.452	0.21600000000000003	0.605	0.01	0.003	0.031	0.011000000000000001	0.03	407.6667	648.8333	25.25	48.8333
0.541	0.134	1.092	0.011000000000000001	0.012	0.037000000000000005	0.021	0.015	421.5	689.5	24.25	47.0
0.45399999999999996	0.22899999999999998	0.6679999999999999	0.017	0.006	0.069	0.012	0.018000000000000002	419.75	671.75	24.25	48.5
0.45	0.243	0.598	0.016	0.005	0.037000000000000005	0.011000000000000001	0.013999999999999999	419.5	656.5	25.25	42.5
0.451	0.222	0.653	0.011000000000000001	0.005	0.032	0.018000000000000002	0.013000000000000001	400.0	662.5	24.75	49.5
0.43799999999999994	0.23399999999999999	0.621	0.015	0.005	0.048	0.012	0.016	412.0	654.0	24.0	48.5
0.45899999999999996	0.228	0.653	0.012	0.005	0.037000000000000005	0.012	0.015	400.0	650.5	24.0	48.0
0.457	0.21	0.586	0.015	0.003	0.113	0.012	0.024	414.0	650.0	24.5	46.5
0.462	0.201	0.5820000000000001	0.018000000000000002	0.004	0.037000000000000005	0.017	0.026000000000000002	408.0	657.5	25.25	44.0
0.461	0.218	0.65	0.016	0.005	0.031	0.009000000000000001	0.013000000000000001	409.5	665.0	24.125	47.5
0.451	0.214	0.588	0.01	0.004	0.05	0.018000000000000002	0.024	385.0	690.0	24.0	45.0
0.449	0.215	0.598	0.018000000000000002	0.003	0.052000000000000005	0.01	0.016	416.1667	649.5	26.1667	50.1667
0.447	0.215	0.652	0.013000000000000001	0.005	0.068	0.013000000000000001	0.016	421.5	669.5	24.25	44.5
0.46299999999999997	0.21100000000000002	0.636	0.01	0.005	0.048	0.012	0.018000000000000002	411.0	656.5	24.75	49.5
0.457	0.223	0.65	0.019	0.002	0.099	0.009000000000000001	0.011000000000000001	421.0	669.0	25.25	50.5
0.45	0.212	0.649	0.012	0.005	0.044000000000000004	0.012	0.024	412.0	657.0	24.25	46.5
0.456	0.214	0.593	0.011000000000000001	0.006999999999999999	0.054000000000000006	0.009000000000000001	0.017	410.5	652.0	23.75	46.5
0.439	0.225	0.647	0.016	0.009000000000000001	0.055	0.013000000000000001	0.021	405.5	649.5	24.625	48.0
0.46399999999999997	0.214	0.635	0.018000000000000002	0.006	0.046	0.009000000000000001	0.009000000000000001	414.75	659.5	24.625	48.75
0.452	0.19699999999999998	0.594	0.012	0.004	0.042	0.012	0.013999999999999999	416.0	654.0	24.75	52.0
0.455	0.20800000000000002	0.654	0.013000000000000001	0.003	0.028999999999999998	0.01	0.012	401.5	660.0	24.75	48.5
0.441	0.24	0.604	0.015	0.0	0.092	0.006999999999999999	0.009000000000000001	404.5	653.0	24.0	44.5
0.445	0.201	0.634	0.015	0.005	0.046	0.013999999999999999	0.022000000000000002	401.5	652.75	24.125	46.5
0.452	0.214	0.6459999999999999	0.016	0.005	0.08900000000000001	0.011000000000000001	0.019	412.75	669.5	23.375	46.75
0.445	0.215	0.601	0.012	0.004	0.044000000000000004	0.01	0.013000000000000001	409.75	651.75	24.875	50.0
0.456	0.205	0.586	0.013999999999999999	0.006	0.044000000000000004	0.011000000000000001	0.01	399.0	645.5	24.75	43.5
0.455	0.218	0.609	0.017	0.004	0.062	0.011000000000000001	0.016	404.0	643.0	24.5	47.5
0.455	0.21	0.59	0.008	0.003	0.027999999999999997	0.012	0.023	404.0	642.0	24.5	47.5
0.45	0.22699999999999998	0.645	0.013000000000000001	0.005	0.07400000000000001	0.013000000000000001	0.012	406.5	652.0	23.5	45.0
0.45299999999999996	0.226	0.594	0.017	0.003	0.045	0.008	0.016	418.75	660.75	24.0	48.0
0.451	0.21100000000000002	0.591	0.017	0.004	0.036000000000000004	0.011000000000000001	0.018000000000000002	416.3333	661.0	24.25	49.5
0.452	0.244	0.675	0.011000000000000001	0.005	0.057	0.01	0.013000000000000001	410.25	670.5	24.125	48.0
0.44799999999999995	0.223	0.614	0.016	0.002	0.040999999999999995	0.011000000000000001	0.018000000000000002	421.0	666.0	24.5	47.5
0.44799999999999995	0.21899999999999997	0.607	0.013999999999999999	0.006	0.083	0.015	0.027000000000000003	410.25	653.25	23.875	48.75
0.449	0.223	0.606	0.015	0.006	0.033	0.01	0.015	409.8333	644.0	24.5	50.8333
0.455	0.218	0.605	0.018000000000000002	0.003	0.04	0.012	0.013999999999999999	404.0	649.5	23.5	45.5
0.44299999999999995	0.203	0.639	0.013000000000000001	0.004	0.037000000000000005	0.013999999999999999	0.013999999999999999	407.0	637.0	22.25	49.5
0.436	0.22899999999999998	0.609	0.019	0.002	0.045	0.011000000000000001	0.017	412.1667	650.1667	25.4167	48.8333
0.444	0.22	0.605	0.016	0.006	0.043	0.01	0.013999999999999999	415.25	657.0	25.625	45.75
0.457	0.23199999999999998	0.667	0.011000000000000001	0.006999999999999999	0.042	0.009000000000000001	0.013999999999999999	415.0	664.0	24.25	50.0
0.447	0.217	0.65	0.018000000000000002	0.004	0.034	0.009000000000000001	0.022000000000000002	416.5	656.5	21.25	44.5
0.45	0.20800000000000002	0.652	0.013999999999999999	0.005	0.061	0.013999999999999999	0.013000000000000001	400.0	617.5	24.0	45.0
0.446	0.21	0.5870000000000001	0.011000000000000001	0.006	0.040999999999999995	0.013999999999999999	0.022000000000000002	402.5	630.5	24.25	46.5
0.469	0.2	0.579	0.013999999999999999	0.003	0.043	0.017	0.013000000000000001	405.5	631.5	25.25	46.0
0.452	0.221	0.6	0.012	0.003	0.035	0.013999999999999999	0.028999999999999998	407.0	648.5	23.75	40.5
0.45399999999999996	0.21600000000000003	0.643	0.013999999999999999	0.005	0.04	0.012	0.009000000000000001	404.5	647.0	20.0	48.5
0.45899999999999996	0.213	0.599	0.015	0.004	0.03	0.012	0.012	408.5	644.5	25.5	47.0
0.452	0.203	0.64	0.015	0.003	0.068	0.012	0.021	421.25	671.25	24.25	45.5
0.988	0.28	0.312	0.017	0.002	1.5019999999999998	0.023	0.015	395.0	660.0	26.0	50.0
0.442	0.22399999999999998	0.653	0.008	0.005	0.092	0.008	0.008	406.0	653.0	24.25	45.0
0.451	0.207	0.605	0.019	0.003	0.055	0.011000000000000001	0.023	414.0	650.0	24.5	47.0
0.451	0.231	0.617	0.016	0.008	0.047	0.011000000000000001	0.015	414.75	638.5	21.75	44.25
0.451	0.20600000000000002	0.637	0.006999999999999999	0.005	0.034	0.011000000000000001	0.02	411.5	651.0	24.5	52.5
0.43700000000000006	0.23399999999999999	0.616	0.018000000000000002	0.004	0.034	0.012	0.013999999999999999	411.5	643.3333	24.0833	49.6667
0.436	0.223	0.611	0.013999999999999999	0.004	0.027999999999999997	0.008	0.013000000000000001	412.0	626.25	24.25	50.75
0.397	0.207	0.655	0.013000000000000001	0.006999999999999999	1.051	0.019	0.018000000000000002	406.1429	650.4286	24.7143	49.2857
0.45399999999999996	0.215	0.597	0.015	0.004	0.035	0.008	0.015	415.0	643.5	26.25	48.5
0.45299999999999996	0.21100000000000002	0.6579999999999999	0.018000000000000002	0.005	0.078	0.011000000000000001	0.018000000000000002	417.5	653.5	24.25	50.5
0.46399999999999997	0.249	0.772	0.012	0.006	0.16899999999999998	0.013999999999999999	0.027000000000000003	433.0	728.0	24.5	50.0
0.447	0.23	0.664	0.015	0.006999999999999999	0.047	0.01	0.013000000000000001	413.0	666.25	24.125	49.5
0.45	0.20800000000000002	0.645	0.013999999999999999	0.003	0.061	0.008	0.009000000000000001	417.5	668.5	24.0	46.0
0.45	0.228	0.664	0.017	0.005	0.051	0.011000000000000001	0.015	421.0	661.0	24.75	50.0
0.442	0.21	0.589	0.011000000000000001	0.003	0.038	0.015	0.023	391.5	636.0	24.5	46.5
0.451	0.21100000000000002	0.643	0.01	0.005	0.026000000000000002	0.016	0.024	406.5	649.5	24.25	47.5
0.442	0.239	0.6729999999999999	0.016	0.004	0.083	0.012	0.018000000000000002	400.5	652.75	24.75	50.5
0.446	0.207	0.595	0.022000000000000002	0.003	0.06	0.012	0.015	413.25	643.25	24.625	50.75
0.44799999999999995	0.222	0.594	0.013999999999999999	0.006	0.073	0.015	0.026000000000000002	401.5	647.5	24.5	49.0
0.457	0.20800000000000002	0.665	0.012	0.006	0.051	0.01	0.013999999999999999	411.0	669.0	24.0	42.0
0.45299999999999996	0.20800000000000002	0.595	0.019	0.005	0.028999999999999998	0.009000000000000001	0.013999999999999999	416.0	666.5	24.25	50.5
0.451	0.226	0.652	0.013000000000000001	0.004	0.052000000000000005	0.015	0.024	408.0	656.0	23.75	46.5
0.455	0.23399999999999999	0.609	0.015	0.006999999999999999	0.071	0.015	0.023	413.0	656.5	24.75	47.5
0.45299999999999996	0.21600000000000003	0.597	0.015	0.006999999999999999	0.077	0.011000000000000001	0.015	406.0	651.0	24.875	49.75
0.447	0.21600000000000003	0.642	0.013999999999999999	0.003	0.03	0.006999999999999999	0.013000000000000001	410.5	683.0	24.25	48.5
0.45399999999999996	0.21600000000000003	0.611	0.017	0.003	0.055	0.012	0.017	413.0	668.5	24.25	46.0
0.451	0.23	0.616	0.02	0.005	0.026000000000000002	0.01	0.015	412.5	649.0	23.5	48.5
0.44	0.22699999999999998	0.6609999999999999	0.013000000000000001	0.005	0.059000000000000004	0.012	0.012	400.5	663.5	25.0	48.5
0.46399999999999997	0.214	0.628	0.009000000000000001	0.005	0.026000000000000002	0.008	0.009000000000000001	406.0	629.0	24.75	46.5
0.456	0.212	0.58	0.013999999999999999	0.005	0.033	0.013000000000000001	0.015	415.125	644.875	24.5	48.75
0.45299999999999996	0.221	0.601	0.013000000000000001	0.004	0.032	0.018000000000000002	0.01	404.5	644.5	24.25	48.0
0.451	0.218	0.655	0.012	0.003	0.061	0.013000000000000001	0.022000000000000002	415.0	663.5	22.25	43.5
0.45299999999999996	0.20800000000000002	0.579	0.01	0.006	0.073	0.009000000000000001	0.013000000000000001	414.5	645.25	24.5	49.5
0.44299999999999995	0.22399999999999998	0.662	0.013000000000000001	0.004	0.028999999999999998	0.01	0.013999999999999999	408.0	668.5	24.125	47.75
0.46	0.207	0.5870000000000001	0.015	0.006999999999999999	0.073	0.009000000000000001	0.016	406.0	649.5	25.5	51.0
0.46	0.214	0.654	0.019	0.002	0.03	0.011000000000000001	0.015	401.0	632.0	23.75	50.0
0.446	0.225	0.654	0.023	0.005	0.03	0.011000000000000001	0.02	405.0	653.5	24.5	49.75
0.457	0.22899999999999998	0.601	0.013999999999999999	0.004	0.028999999999999998	0.013000000000000001	0.013999999999999999	385.0	685.0	23.0	46.0
0.46299999999999997	0.2	0.632	0.016	0.003	0.052000000000000005	0.009000000000000001	0.013000000000000001	414.5	661.0	25.25	45.5
0.45299999999999996	0.226	0.638	0.018000000000000002	0.002	0.055999999999999994	0.009000000000000001	0.012	418.0	684.0	24.25	46.5
0.444	0.24600000000000002	0.623	0.015	0.003	0.026000000000000002	0.01	0.009000000000000001	414.6667	646.8333	24.4167	49.3333
0.462	0.22	0.61	0.012	0.005	0.027000000000000003	0.01	0.013999999999999999	414.5	660.0	24.0	50.5
0.449	0.21	0.5870000000000001	0.01	0.006	0.061	0.016	0.028999999999999998	402.0	636.0	24.75	47.5
0.446	0.21600000000000003	0.6709999999999999	0.016	0.005	0.045	0.012	0.018000000000000002	419.0	663.0	24.75	48.75
0.445	0.223	0.6629999999999999	0.017	0.004	0.055	0.006999999999999999	0.012	411.5	660.5	25.25	49.5
0.47600000000000003	0.204	0.629	0.016	0.004	0.027000000000000003	0.013999999999999999	0.015	410.25	660.5	25.875	48.5
0.633	0.183	0.607	0.019	0.006	0.049	0.008	0.009000000000000001	380.0	675.0	24.0	43.0
0.451	0.214	0.645	0.018000000000000002	0.003	0.032	0.011000000000000001	0.015	408.0	658.0	25.25	49.0
0.449	0.21899999999999997	0.617	0.015	0.005	0.066	0.011000000000000001	0.013999999999999999	422.5	659.5	24.0	52.5
0.447	0.213	0.655	0.02	0.004	0.025	0.009000000000000001	0.011000000000000001	414.5	663.0	24.5	50.5
0.44799999999999995	0.22	0.6559999999999999	0.012	0.005	0.051	0.015	0.026000000000000002	406.5	654.0	24.75	46.0
0.451	0.198	0.628	0.019	0.003	0.033	0.008	0.008	413.0	649.5	25.0	47.5
0.444	0.19899999999999998	0.633	0.016	0.003	0.057	0.017	0.02	400.5	641.0	25.25	47.5
0.452	0.207	0.58	0.006999999999999999	0.004	0.027000000000000003	0.009000000000000001	0.015	410.0	666.0	23.75	46.5
0.446	0.218	0.636	0.016	0.004	0.047	0.016	0.016	403.5	646.0	24.25	46.5
0.45399999999999996	0.21600000000000003	0.605	0.013999999999999999	0.006	0.031	0.011000000000000001	0.017	392.5	650.0	24.5	47.5
0.45299999999999996	0.214	0.6409999999999999	0.009000000000000001	0.005	0.052000000000000005	0.012	0.021	410.0	671.3333	24.6667	47.8333
0.446	0.24	0.59	0.011000000000000001	0.002	0.039	0.023	0.024	397.0	634.0	24.75	46.5
0.45799999999999996	0.223	0.59	0.0242	0.002	0.032	0.009000000000000001	0.011000000000000001	411.875	657.625	24.125	49.375
0.462	0.214	0.602	0.0127	0.002	0.044000000000000004	0.009000000000000001	0.013000000000000001	404.0	655.0	23.75	46.5
0.446	0.213	0.6	0.009000000000000001	0.004	0.047	0.016	0.024	406.25	638.25	26.75	47.75
0.456	0.214	0.599	0.013000000000000001	0.006	0.07	0.011000000000000001	0.011000000000000001	414.0	665.0	25.5	49.5
0.455	0.21600000000000003	0.596	0.012	0.006	0.07200000000000001	0.009000000000000001	0.011000000000000001	430.0	658.0	24.75	47.0
0.435	0.213	0.589	0.015	0.004	0.048	0.013000000000000001	0.025	405.25	643.25	25.0	51.0
0.44	0.213	0.599	0.013999999999999999	0.004	0.037000000000000005	0.01	0.013999999999999999	406.5	642.5	25.5	50.5
0.45299999999999996	0.217	0.594	0.019	0.004	0.031	0.009000000000000001	0.013999999999999999	417.0	659.0	23.75	48.5
0.45399999999999996	0.21600000000000003	0.642	0.011000000000000001	0.004	0.032	0.015	0.023	415.0	662.5	23.75	51.5
0.46399999999999997	0.22899999999999998	0.602	0.021	0.003	0.048	0.008	0.015	408.5	656.75	24.5	47.0
0.456	0.207	0.5820000000000001	0.023	0.01	0.07	0.011000000000000001	0.018000000000000002	387.5	645.0	23.5	47.0
0.43799999999999994	0.22699999999999998	0.617	0.016	0.006999999999999999	0.068	0.009000000000000001	0.013000000000000001	393.5	630.5	24.75	49.5
0.449	0.21600000000000003	0.5920000000000001	0.013000000000000001	0.001	0.075	0.008	0.013999999999999999	421.0	660.0	24.5	49.5
0.46	0.22399999999999998	0.6459999999999999	0.016	0.005	0.063	0.017	0.015	410.75	663.75	24.25	49.25
0.45	0.221	0.601	0.018000000000000002	0.008	0.052000000000000005	0.017	0.036000000000000004	404.25	648.25	24.0	46.75
0.436	0.217	0.649	0.009000000000000001	0.005	0.049	0.016	0.025	392.25	649.0	25.25	43.0
0.452	0.222	0.601	0.018000000000000002	0.003	0.05	0.013999999999999999	0.015	398.5	630.5	25.5	50.5
0.292	0.19899999999999998	1.6059999999999999	0.016	0.004	0.053	0.016	0.017	404.5	649.5	24.5	45.5
0.447	0.21600000000000003	0.602	0.016	0.002	0.077	0.012	0.015	421.0	647.0	25.5	49.5
0.45299999999999996	0.2	0.597	0.018000000000000002	0.005	0.052000000000000005	0.009000000000000001	0.018000000000000002	414.5	661.5	24.5	47.0
0.455	0.209	0.63	0.015	0.004	0.07200000000000001	0.017	0.024	408.25	667.0	25.25	49.5
0.46399999999999997	0.217	0.634	0.015	0.005	0.027999999999999997	0.011000000000000001	0.011000000000000001	398.5	651.5	24.25	48.5
0.451	0.233	0.659	0.0086	0.004	0.038	0.016	0.025	409.5	650.5	24.25	49.5
0.426	0.225	0.66	0.015	0.003	0.027000000000000003	0.01	0.013000000000000001	412.5	664.75	24.5	50.5
0.44799999999999995	0.218	0.599	0.011000000000000001	0.005	0.035	0.009000000000000001	0.009000000000000001	412.5	639.25	24.75	49.75
0.442	0.215	0.6459999999999999	0.009000000000000001	0.004	0.054000000000000006	0.01	0.016	414.5	661.0	24.5	46.5
0.455	0.218	0.594	0.012	0.002	0.040999999999999995	0.013999999999999999	0.021	410.0	661.0	24.75	49.5
0.45	0.214	0.6409999999999999	0.013000000000000001	0.006	0.065	0.01	0.02	417.6667	672.5	24.5	47.8333
0.445	0.235	0.609	0.016	0.006	0.026000000000000002	0.011000000000000001	0.013999999999999999	400.5	647.0	19.5	50.5
0.45299999999999996	0.213	0.586	0.01	0.004	0.039	0.012	0.023	385.0	675.0	24.0	45.0
0.45899999999999996	0.21899999999999997	0.648	0.015	0.009000000000000001	0.057999999999999996	0.01	0.011000000000000001	406.5	669.0	26.25	47.5
0.444	0.209	0.649	0.0148	0.002	0.049	0.011000000000000001	0.018000000000000002	402.75	662.5	24.5	49.25
0.455	0.22	0.6	0.016	0.003	0.055	0.012	0.019	413.0	641.0	23.75	50.5
0.45	0.22399999999999998	0.596	0.015	0.005	0.038	0.01	0.018000000000000002	412.0	652.0	25.25	45.5
0.47100000000000003	0.231	0.612	0.01	0.006	0.033	0.012	0.012	420.0	657.5	24.5	50.0
0.45	0.214	0.59	0.008	0.006	0.027000000000000003	0.013000000000000001	0.009000000000000001	413.0	648.0	24.5	47.5
0.455	0.215	0.64	0.015	0.006	0.066	0.016	0.016	416.6667	663.0	24.3333	49.0
0.44799999999999995	0.214	0.593	0.017	0.004	0.027999999999999997	0.01	0.013999999999999999	411.0	638.5	24.5	49.75
0.45	0.22399999999999998	0.6559999999999999	0.012	0.004	0.026000000000000002	0.011000000000000001	0.013999999999999999	427.5	676.0	24.25	46.5
0.446	0.205	0.584	0.013999999999999999	0.004	0.043	0.017	0.036000000000000004	412.3333	649.1667	25.1667	49.8333
0.452	0.217	0.6509999999999999	0.015	0.014	0.047	0.02	0.087	422.0	681.5	23.25	45.5
0.446	0.235	0.655	0.018000000000000002	0.003	0.038	0.011000000000000001	0.01	419.0	681.0	25.25	50.5
0.457	0.222	0.612	0.015	0.006999999999999999	0.057	0.011000000000000001	0.015	413.5	648.5	23.75	49.5
0.447	0.22	0.609	0.012	0.005	0.043	0.01	0.013000000000000001	407.75	645.5	24.5	48.75
0.075	0.0	0.19899999999999998	0.0147	0.016	0.042	0.008	0.01	424.25	672.5	24.375	47.5
0.44799999999999995	0.217	0.654	0.013000000000000001	0.006	0.059000000000000004	0.01	0.015	416.5	661.5	24.75	45.0
0.441	0.20600000000000002	0.5920000000000001	0.0078	0.003	0.032	0.011000000000000001	0.016	406.0	641.0	24.25	50.5
0.43799999999999994	0.223	0.664	0.01	0.008	0.057	0.012	0.016	403.75	665.5	24.75	47.0
0.449	0.225	0.596	0.019	0.005	0.051	0.01	0.013000000000000001	408.5	640.0	23.75	49.5
0.45	0.21100000000000002	0.586	0.017	0.006	0.045	0.013000000000000001	0.024	380.0	665.0	24.0	48.0
0.444	0.223	0.6579999999999999	0.02	0.006	0.038	0.012	0.02	419.0	699.5	24.25	49.0
0.452	0.222	0.649	0.013000000000000001	0.006999999999999999	0.052000000000000005	0.015	0.022000000000000002	415.5	650.5	25.25	50.5
0.449	0.215	0.644	0.012	0.006999999999999999	0.047	0.021	0.038	407.75	649.0	24.25	51.5
0.449	0.218	0.612	0.019	0.003	0.077	0.01	0.013000000000000001	412.0	658.5	24.75	51.5
0.44	0.20800000000000002	0.591	0.017	0.006	0.053	0.012	0.015	380.0	680.0	24.0	48.0
0.435	0.243	0.627	0.013999999999999999	0.006	0.047	0.01	0.012	403.0	641.5	25.0	48.5
0.45	0.222	0.599	0.012	0.003	0.06	0.009000000000000001	0.012	406.0	649.5	27.25	51.5
0.45899999999999996	0.20800000000000002	0.638	0.012	0.005	0.035	0.013000000000000001	0.018000000000000002	393.8333	649.8333	24.75	47.8333
0.44299999999999995	0.215	0.642	0.015	0.003	0.07	0.013000000000000001	0.017	412.25	668.5	24.5625	49.25
0.45399999999999996	0.21	0.64	0.013000000000000001	0.005	0.038	0.008	0.011000000000000001	414.0	676.75	24.5	47.5
0.451	0.213	0.65	0.019	0.003	0.046	0.01	0.013999999999999999	426.0	672.0	24.0	47.5
0.441	0.22699999999999998	0.664	0.015	0.005	0.036000000000000004	0.016	0.013999999999999999	408.5	666.0	24.75	50.5
0.445	0.228	0.6409999999999999	0.018000000000000002	0.005	0.047	0.012	0.019	408.5	669.5	23.5	50.5
0.456	0.215	0.595	0.011000000000000001	0.003	0.039	0.013000000000000001	0.022000000000000002	399.0	641.0	24.75	47.5
0.439	0.254	0.669	0.018000000000000002	0.005	0.048	0.008	0.008	417.0	665.5	25.25	48.5
0.441	0.22699999999999998	0.596	0.009000000000000001	0.004	0.044000000000000004	0.008	0.011000000000000001	395.25	641.5	24.5	49.25
0.452	0.233	0.6559999999999999	0.015	0.006	0.036000000000000004	0.012	0.022000000000000002	402.0	641.5	24.75	51.5
0.44799999999999995	0.217	0.647	0.015	0.006	0.051	0.013999999999999999	0.015	405.3333	660.6667	24.5	47.1667
0.452	0.22	0.654	0.012	0.004	0.126	0.01	0.009000000000000001	405.0	672.5	24.0	47.5
0.45	0.213	0.605	0.02	0.003	0.055	0.012	0.018000000000000002	410.0	648.5	24.75	50.5
0.45799999999999996	0.215	0.601	0.013999999999999999	0.005	0.068	0.013999999999999999	0.026000000000000002	408.0	650.5	24.75	48.5
0.45799999999999996	0.23800000000000002	0.613	0.01	0.004	0.06	0.011000000000000001	0.013999999999999999	415.0	661.6667	24.5833	50.0
0.461	0.21600000000000003	0.598	0.019	0.005	0.032	0.009000000000000001	0.009000000000000001	412.0	653.0	25.875	48.0
0.455	0.22	0.604	0.019	0.004	0.040999999999999995	0.013000000000000001	0.018000000000000002	413.5	653.5	24.25	48.5
0.461	0.2	0.639	0.018000000000000002	0.003	0.05	0.013999999999999999	0.019	406.5	646.0	23.75	46.5
0.45	0.217	0.648	0.01	0.002	0.027000000000000003	0.024	0.013999999999999999	396.5	648.5	27.25	51.0
0.451	0.23600000000000002	0.66	0.017	0.005	0.03	0.01	0.013000000000000001	394.5	645.0	25.125	48.25
0.44799999999999995	0.20600000000000002	0.586	0.015	0.005	0.032	0.013000000000000001	0.019	411.25	659.25	23.875	45.0
0.444	0.214	0.599	0.013000000000000001	0.005	0.039	0.015	0.022000000000000002	412.0	651.0	24.75	46.0
0.457	0.259	0.701	0.017	0.018000000000000002	0.153	0.012	0.015	430.0	710.0	25.0	49.0
0.44299999999999995	0.20199999999999999	0.583	0.0137	0.002	0.048	0.009000000000000001	0.015	394.0	631.0	25.25	50.5
0.446	0.21899999999999997	0.654	0.019	0.003	0.055999999999999994	0.012	0.015	410.3333	658.5	24.6667	48.8333
0.44799999999999995	0.22399999999999998	0.604	0.015	0.003	0.043	0.009000000000000001	0.01	413.5	656.0	19.125	49.75
0.449	0.212	0.6459999999999999	0.015	0.003	0.035	0.013000000000000001	0.022000000000000002	417.75	652.0	23.875	51.0
0.44	0.22399999999999998	0.65	0.013999999999999999	0.006999999999999999	0.027000000000000003	0.01	0.013999999999999999	416.0	676.5	24.75	50.5
0.445	0.204	0.586	0.01	0.004	0.054000000000000006	0.018000000000000002	0.025	385.0	650.0	25.0	48.0
0.45299999999999996	0.20199999999999999	0.6409999999999999	0.011000000000000001	0.004	0.043	0.012	0.02	406.0	656.6667	24.3333	47.1667
0.441	0.226	0.609	0.012	0.006999999999999999	0.068	0.016	0.025	396.6667	675.0	24.6667	50.0
0.45299999999999996	0.215	0.602	0.013999999999999999	0.008	0.032	0.012	0.027999999999999997	405.5	654.5	23.75	49.5
0.46	0.215	0.59	0.016	0.006	0.071	0.013000000000000001	0.015	413.6667	648.8333	25.0833	46.0
0.45399999999999996	0.204	0.599	0.016	0.003	0.079	0.01	0.009000000000000001	409.25	642.75	23.375	44.75
0.452	0.21	0.602	0.019	0.003	0.039	0.006	0.02	412.75	649.0	24.5	49.0
0.44299999999999995	0.223	0.6409999999999999	0.011000000000000001	0.006	0.036000000000000004	0.013999999999999999	0.015	419.0	667.5	25.875	49.0
0.447	0.214	0.609	0.022000000000000002	0.005	0.051	0.012	0.013000000000000001	419.5	658.5	24.25	49.5
0.462	0.212	0.645	0.018000000000000002	0.006	0.068	0.01	0.012	411.0	672.5	24.875	49.25
0.439	0.22	0.652	0.013999999999999999	0.005	0.07400000000000001	0.02	0.04	408.0	664.5	25.0	50.0
0.43799999999999994	0.222	0.615	0.01	0.004	0.07200000000000001	0.011000000000000001	0.016	412.5	649.25	24.625	49.75
0.445	0.222	0.6629999999999999	0.013999999999999999	0.003	0.038	0.012	0.017	408.5	650.0	24.75	49.5
0.447	0.233	0.603	0.016	0.004	0.049	0.01	0.01	396.0	635.0	24.75	50.5
0.451	0.20600000000000002	0.649	0.012	0.005	0.045	0.013999999999999999	0.016	396.1667	646.6667	24.5	50.1667
0.444	0.233	0.6679999999999999	0.008	0.003	0.052000000000000005	0.019	0.034	425.0	641.5	24.25	47.5
0.452	0.217	0.655	0.013999999999999999	0.003	0.084	0.018000000000000002	0.024	409.5	666.0	24.25	46.5
0.87	0.239	0.295	0.013000000000000001	0.003	1.5	0.019	0.013999999999999999	408.6667	632.0	24.4167	49.8333
0.447	0.218	0.594	0.013999999999999999	0.003	0.053	0.013000000000000001	0.02	408.0	653.5	27.0	48.0
0.46299999999999997	0.223	0.6709999999999999	0.013999999999999999	0.004	0.044000000000000004	0.011000000000000001	0.016	421.5	661.5	24.25	46.0
0.447	0.214	0.649	0.011000000000000001	0.006	0.035	0.012	0.021	412.0	661.0	25.25	46.5
0.45399999999999996	0.21899999999999997	0.607	0.018000000000000002	0.005	0.084	0.013000000000000001	0.019	383.5	633.5	23.75	49.5
0.462	0.21100000000000002	0.601	0.013999999999999999	0.003	0.040999999999999995	0.012	0.016	424.75	693.25	24.625	49.0
0.45799999999999996	0.218	0.642	0.018000000000000002	0.004	0.066	0.012	0.013999999999999999	429.5	703.5	24.5	45.5
0.455	0.215	0.584	0.018000000000000002	0.004	0.037000000000000005	0.011000000000000001	0.012	423.0	675.5	24.5	46.5
0.45899999999999996	0.21100000000000002	0.602	0.011000000000000001	0.004	0.02	0.009000000000000001	0.013999999999999999	416.0	649.5	24.75	49.5
0.455	0.223	0.652	0.015	0.006999999999999999	0.05	0.013999999999999999	0.022000000000000002	420.25	677.25	23.5	46.0
0.45799999999999996	0.221	0.664	0.011000000000000001	0.004	0.044000000000000004	0.013000000000000001	0.022000000000000002	412.0	653.5	23.0	43.5
0.44	0.231	0.6679999999999999	0.012	0.006	0.048	0.012	0.015	414.5	665.5	23.75	47.5
0.452	0.222	0.608	0.013000000000000001	0.005	0.059000000000000004	0.013999999999999999	0.022000000000000002	410.75	643.25	25.875	48.5
0.446	0.228	0.657	0.016	0.008	0.064	0.017	0.026000000000000002	409.5	658.5	24.25	48.5
0.44	0.209	0.637	0.013000000000000001	0.004	0.057	0.016	0.02	406.5	664.5	24.75	48.5
0.44799999999999995	0.213	0.588	0.013999999999999999	0.004	0.018000000000000002	0.011000000000000001	0.008	404.5	638.0	24.75	48.5
0.436	0.22699999999999998	0.61	0.012	0.002	0.038	0.01	0.012	419.5	659.5	24.5	49.5
0.44	0.214	0.6459999999999999	0.015	0.006	0.053	0.013000000000000001	0.012	409.0	660.5	25.5	49.0
0.451	0.217	0.647	0.02	0.008	0.031	0.018000000000000002	0.024	420.0	654.5	24.25	48.5
0.451	0.228	0.6559999999999999	0.017	0.004	0.034	0.01	0.016	424.0	672.5	25.25	46.0
0.44799999999999995	0.209	0.609	0.013999999999999999	0.003	0.08	0.01	0.013000000000000001	419.0	662.0	24.625	48.75
0.46299999999999997	0.217	0.672	0.011000000000000001	0.003	0.11800000000000001	0.013999999999999999	0.018000000000000002	419.75	676.25	24.5	48.75
0.461	0.22699999999999998	0.601	0.01	0.006	0.049	0.012	0.025	398.0	647.0	25.0	52.5
0.447	0.21600000000000003	0.597	0.012	0.005	0.027000000000000003	0.012	0.019	411.5	648.0	24.0	49.5
0.447	0.21899999999999997	0.647	0.012	0.006999999999999999	0.053	0.011000000000000001	0.013999999999999999	411.0	655.25	24.5	50.0
0.457	0.225	0.6	0.019	0.006	0.027000000000000003	0.013000000000000001	0.019	380.0	660.0	23.0	45.0
0.449	0.223	0.603	0.016	0.006999999999999999	0.078	0.015	0.03	406.75	648.75	23.75	46.5
0.457	0.22	0.655	0.019	0.004	0.053	0.012	0.017	411.5	676.0	23.75	50.0
0.45	0.223	0.602	0.012	0.005	0.027000000000000003	0.011000000000000001	0.023	404.75	647.0	24.0	49.5
0.442	0.233	0.6679999999999999	0.019	0.004	0.047	0.009000000000000001	0.013000000000000001	414.25	676.0	24.5	48.5
0.44299999999999995	0.20199999999999999	0.589	0.011000000000000001	0.002	0.028999999999999998	0.009000000000000001	0.013999999999999999	416.5	661.75	24.5	49.0
0.43700000000000006	0.225	0.616	0.015	0.005	0.049	0.013000000000000001	0.013999999999999999	385.0	685.0	24.0	47.0
0.457	0.212	0.605	0.013999999999999999	0.003	0.022000000000000002	0.008	0.009000000000000001	405.0	649.5	24.5	50.5
0.45799999999999996	0.20800000000000002	0.591	0.02	0.002	0.038	0.008	0.011000000000000001	415.75	659.75	24.75	48.0
0.45799999999999996	0.21600000000000003	0.642	0.012	0.004	0.059000000000000004	0.008	0.012	423.0	671.0	24.75	48.5
0.45299999999999996	0.222	0.602	0.016	0.004	0.054000000000000006	0.01	0.015	405.5	642.0	25.75	50.5
0.44299999999999995	0.218	0.635	0.017	0.006	0.044000000000000004	0.01	0.015	406.0	648.0	24.0	51.0
0.445	0.223	0.664	0.012	0.004	0.027000000000000003	0.017	0.019	417.75	658.0	22.0	44.5
0.445	0.22399999999999998	0.6509999999999999	0.017	0.003	0.035	0.012	0.021	414.75	660.5	24.375	49.5
0.444	0.221	0.603	0.013999999999999999	0.006999999999999999	0.054000000000000006	0.011000000000000001	0.016	399.5	637.0	24.25	49.0
0.36200000000000004	0.204	0.5760000000000001	0.011000000000000001	0.003	0.046	0.012	0.01	407.5	658.5	24.25	47.5
